"use strict";

function matrix(pattern, image) {
    // your code here
    return 0;
}

var assert = require('assert');
if (!global.is_checking) {
    // These "asserts" are used for self-checking and not for an auto-testing
    assert.deepEqual(matrix([[1, 0], [1, 1]],
                   [[0, 1, 0, 1, 0],
                    [0, 1, 1, 0, 0],
                    [1, 0, 1, 1, 0],
                    [1, 1, 0, 1, 1],
                    [0, 1, 1, 0, 0]]),   [[0, 3, 2, 1, 0],
                                          [0, 3, 3, 0, 0],
                                          [3, 2, 1, 3, 2],
                                          [3, 3, 0, 3, 3],
                                          [0, 1, 1, 0, 0]])
    assert.deepEqual(matrix([[1, 1], [1, 1]],
                   [[1, 1, 1],
                    [1, 1, 1],
                    [1, 1, 1]]),   [[3, 3, 1],
                                    [3, 3, 1],
                                    [1, 1, 1]])
    assert.deepEqual(matrix([[0, 1, 0], [1, 1, 1]],
                   [[0, 0, 1, 0, 0, 0, 0, 0, 1, 0],
                    [0, 1, 1, 1, 0, 0, 0, 1, 1, 1],
                    [0, 0, 0, 0, 0, 0, 0, 0, 0, 0],
                    [0, 0, 0, 0, 0, 1, 0, 0, 0, 0],
                    [0, 1, 0, 0, 1, 1, 1, 0, 1, 0],
                    [1, 1, 1, 0, 0, 0, 0, 0, 1, 1],
                    [0, 0, 0, 1, 1, 1, 0, 0, 0, 0],
                    [0, 0, 1, 0, 0, 0, 0, 1, 0, 0],
                    [0, 1, 1, 0, 0, 0, 1, 1, 1, 0],
                    [0, 0, 0, 0, 0, 0, 0, 0, 0, 0]]),   [[0, 2, 3, 2, 0, 0, 0, 2, 3, 2],
                                                         [0, 3, 3, 3, 0, 0, 0, 3, 3, 3],
                                                         [0, 0, 0, 0, 0, 0, 0, 0, 0, 0],
                                                         [0, 0, 0, 0, 2, 3, 2, 0, 0, 0],
                                                         [2, 3, 2, 0, 3, 3, 3, 0, 1, 0],
                                                         [3, 3, 3, 0, 0, 0, 0, 0, 1, 1],
                                                         [0, 0, 0, 1, 1, 1, 0, 0, 0, 0],
                                                         [0, 0, 1, 0, 0, 0, 2, 3, 2, 0],
                                                         [0, 1, 1, 0, 0, 0, 3, 3, 3, 0],
                                                         [0, 0, 0, 0, 0, 0, 0, 0, 0, 0]])
    console.log("Coding complete? Click 'Check' to earn cool rewards!");
}
