def checkio(pattern, image):
    return []

#These "asserts" using only for self-checking and not necessary for auto-testing
if __name__ == '__main__':
    assert checkio([[1, 0], [1, 1]],
                   [[0, 1, 0, 1, 0],
                    [0, 1, 1, 0, 0],
                    [1, 0, 1, 1, 0],
                    [1, 1, 0, 1, 1],
                    [0, 1, 1, 0, 0]]) == [[0, 3, 2, 1, 0],
                                          [0, 3, 3, 0, 0],
                                          [3, 2, 1, 3, 2],
                                          [3, 3, 0, 3, 3],
                                          [0, 1, 1, 0, 0]]
    assert checkio([[1, 1], [1, 1]],
                   [[1, 1, 1],
                    [1, 1, 1],
                    [1, 1, 1]]) == [[3, 3, 1],
                                    [3, 3, 1],
                                    [1, 1, 1]]
    assert checkio([[0, 1, 0], [1, 1, 1]],
                   [[0, 0, 1, 0, 0, 0, 0, 0, 1, 0],
                    [0, 1, 1, 1, 0, 0, 0, 1, 1, 1],
                    [0, 0, 0, 0, 0, 0, 0, 0, 0, 0],
                    [0, 0, 0, 0, 0, 1, 0, 0, 0, 0],
                    [0, 1, 0, 0, 1, 1, 1, 0, 1, 0],
                    [1, 1, 1, 0, 0, 0, 0, 0, 1, 1],
                    [0, 0, 0, 1, 1, 1, 0, 0, 0, 0],
                    [0, 0, 1, 0, 0, 0, 0, 1, 0, 0],
                    [0, 1, 1, 0, 0, 0, 1, 1, 1, 0],
                    [0, 0, 0, 0, 0, 0, 0, 0, 0, 0]]) == [[0, 2, 3, 2, 0, 0, 0, 2, 3, 2],
                                                         [0, 3, 3, 3, 0, 0, 0, 3, 3, 3],
                                                         [0, 0, 0, 0, 0, 0, 0, 0, 0, 0],
                                                         [0, 0, 0, 0, 2, 3, 2, 0, 0, 0],
                                                         [2, 3, 2, 0, 3, 3, 3, 0, 1, 0],
                                                         [3, 3, 3, 0, 0, 0, 0, 0, 1, 1],
                                                         [0, 0, 0, 1, 1, 1, 0, 0, 0, 0],
                                                         [0, 0, 1, 0, 0, 0, 2, 3, 2, 0],
                                                         [0, 1, 1, 0, 0, 0, 3, 3, 3, 0],
                                                         [0, 0, 0, 0, 0, 0, 0, 0, 0, 0]]
